#Powered by Wynter Han
#Date time: Mon Mar 14 22:16:42 2011
Gsp Mining Initial parameters:
	 Tag: kugou_src; Half Window Size: 10; Shingle Size: 3; Minimum Support Threshold: 0.100000
	 Is self-adaption mode? Yes.
	 Cosine: 0.300000; Scale: 0.500000; Offset: 5
Audit Info:
	 Half Window Size: 10, Line Support: 0.020, Min Threshold: 0.100, Window Size: 100
	 Support Vector(0):
#Matlab matrix(Index, StartPos, FlowSize, KindSize, MaxFreq, MinFreq, lineSupport, Support Array)
0 1 2 3 4 5 6 7 8 9 10 11 12 13 14 15 16 17 18 19 20 21 22 23 24 25 26 27 28 29 30 31 32 33 34 35 36 37 38 39 40 41 42 43 44 45 46 47 48 49 50 51 52 53 54 55 56 57 58 59 60 61 62 63 64 65 66 67 68 69 70 71 72 73 74 75 76 77 78 79 80 81 82 83 84 85 86 87 88 89 90 91 92 93 94 95 96 97 98 99 
0 10 20 30 40 50 60 70 80 90 100 110 120 130 140 150 160 170 180 190 200 210 220 230 240 250 260 270 280 290 300 310 320 330 340 350 360 370 380 390 400 410 420 430 440 450 460 470 480 490 500 510 520 530 540 550 560 570 580 590 600 610 620 630 640 650 660 670 680 690 700 710 720 730 740 750 760 770 780 790 800 810 820 830 840 850 860 870 880 890 900 910 920 930 940 950 960 970 980 990 
2703 2703 2683 2669 2486 2213 1459 914 673 489 35 35 35 35 35 35 35 35 35 35 35 35 35 35 35 35 35 35 35 35 35 35 35 35 35 35 35 35 35 35 33 33 33 33 33 33 33 33 33 33 33 33 33 33 33 33 33 33 33 33 33 33 33 33 33 32 32 32 32 32 32 32 32 32 32 32 32 32 32 32 32 32 32 32 32 32 32 32 32 32 32 32 32 32 32 32 32 32 32 32 
41046 35341 39603 43208 39187 29442 19678 12911 8370 3345 520 520 520 520 520 520 520 520 520 520 520 520 520 520 519 520 520 520 520 520 520 520 520 520 520 520 520 520 514 494 480 480 480 480 480 480 480 480 480 480 480 480 480 480 480 480 480 480 480 480 480 480 480 479 469 460 460 460 460 460 460 460 460 460 460 460 460 460 460 460 460 460 460 460 459 459 460 459 459 460 460 460 460 460 460 460 460 460 414 184 
0.039216 0.039216 0.024594 0.014603 0.026404 0.029315 0.002538 0.003603 0.004314 0.003746 0.006635 0.006079 0.005611 0.005210 0.004864 0.004563 0.004297 0.004061 0.003851 0.003662 0.003492 0.003338 0.003197 0.003069 0.002951 0.002842 0.002742 0.002649 0.002563 0.002483 0.002408 0.002339 0.002273 0.002212 0.002154 0.002100 0.002049 0.002001 0.001956 0.001913 0.001873 0.001834 0.001798 0.001763 0.001730 0.001698 0.001669 0.001640 0.001613 0.001587 0.001562 0.001539 0.001516 0.001495 0.001474 0.001455 0.001436 0.001418 0.001401 0.001384 0.001368 0.001353 0.001339 0.001325 0.001312 0.001299 0.001287 0.001276 0.001265 0.001254 0.001244 0.001235 0.001225 0.001217 0.001208 0.001200 0.001193 0.001186 0.001179 0.001173 0.001167 0.001161 0.001155 0.001150 0.001146 0.001141 0.001137 0.001133 0.001130 0.001127 0.001124 0.001121 0.001119 0.001117 0.001115 0.001113 0.001112 0.001111 0.001110 0.001110 
0.000370 0.000370 0.000373 0.000374 0.000400 0.000444 0.000635 0.000901 0.001078 0.001249 0.002212 0.002026 0.001870 0.001737 0.001621 0.001521 0.001432 0.001354 0.001284 0.001221 0.001164 0.001113 0.001066 0.001023 0.000984 0.000947 0.000914 0.000883 0.000854 0.000828 0.000803 0.000780 0.000758 0.000737 0.000718 0.000700 0.000683 0.000667 0.000652 0.000638 0.000624 0.000611 0.000599 0.000588 0.000577 0.000566 0.000556 0.000547 0.000538 0.000529 0.000521 0.000513 0.000505 0.000498 0.000491 0.000485 0.000479 0.000473 0.000467 0.000461 0.000456 0.000451 0.000446 0.000442 0.000437 0.000433 0.000429 0.000425 0.000422 0.000418 0.000415 0.000412 0.000408 0.000406 0.000403 0.000400 0.000398 0.000395 0.000393 0.000391 0.000389 0.000387 0.000385 0.000383 0.000382 0.000380 0.000379 0.000378 0.000377 0.000376 0.000375 0.000374 0.000373 0.000372 0.000372 0.000371 0.000371 0.000370 0.000370 0.000370 
0.019599 0 0 0 0 0 0 0 0 0 0 0 0 0 0 0 0 0 0 0 0 0 0 0 0 0 0 0 0 0 0 0 0 0 0 0 0 0 0 0 0 0 0 0 0 0 0 0 0 0 0 0 0 0 0 0 0 0 0 0 0 0 0 0 0 0 0 0 0 0 0 0 0 0 0 0 0 0 0 0 0 0 0 0 0 0 0 0 0 0 0 0 0 0 0 0 0 0 0 0 
#~End matrix
No signature. Cannot get support which greater than 0.100000.
#Mining stopped at Mon Mar 14 22:16:43 2011

#Total time costs 0.414000 seconds.
