#Powered by Wynter Han
#Date time: Mon Mar 14 22:17:03 2011
Gsp Mining Initial parameters:
	 Tag: kugou_src; Half Window Size: 5; Shingle Size: 3; Minimum Support Threshold: 0.100000
	 Is self-adaption mode? Yes.
	 Cosine: 0.300000; Scale: 0.500000; Offset: 5
Audit Info:
	 Half Window Size: 5, Line Support: 0.034, Min Threshold: 0.100, Window Size: 200
	 Support Vector(0):
#Matlab matrix(Index, StartPos, FlowSize, KindSize, MaxFreq, MinFreq, lineSupport, Support Array)
0 1 2 3 4 5 6 7 8 9 10 11 12 13 14 15 16 17 18 19 20 21 22 23 24 25 26 27 28 29 30 31 32 33 34 35 36 37 38 39 40 41 42 43 44 45 46 47 48 49 50 51 52 53 54 55 56 57 58 59 60 61 62 63 64 65 66 67 68 69 70 71 72 73 74 75 76 77 78 79 80 81 82 83 84 85 86 87 88 89 90 91 92 93 94 95 96 97 98 99 100 101 102 103 104 105 106 107 108 109 110 111 112 113 114 115 116 117 118 119 120 121 122 123 124 125 126 127 128 129 130 131 132 133 134 135 136 137 138 139 140 141 142 143 144 145 146 147 148 149 150 151 152 153 154 155 156 157 158 159 160 161 162 163 164 165 166 167 168 169 170 171 172 173 174 175 176 177 178 179 180 181 182 183 184 185 186 187 188 189 190 191 192 193 194 195 196 197 198 199 
0 5 10 15 20 25 30 35 40 45 50 55 60 65 70 75 80 85 90 95 100 105 110 115 120 125 130 135 140 145 150 155 160 165 170 175 180 185 190 195 200 205 210 215 220 225 230 235 240 245 250 255 260 265 270 275 280 285 290 295 300 305 310 315 320 325 330 335 340 345 350 355 360 365 370 375 380 385 390 395 400 405 410 415 420 425 430 435 440 445 450 455 460 465 470 475 480 485 490 495 500 505 510 515 520 525 530 535 540 545 550 555 560 565 570 575 580 585 590 595 600 605 610 615 620 625 630 635 640 645 650 655 660 665 670 675 680 685 690 695 700 705 710 715 720 725 730 735 740 745 750 755 760 765 770 775 780 785 790 795 800 805 810 815 820 825 830 835 840 845 850 855 860 865 870 875 880 885 890 895 900 905 910 915 920 925 930 935 940 945 950 955 960 965 970 975 980 985 990 995 
2703 2703 2703 2703 2683 2679 2669 2621 2486 2307 2213 1829 1459 1365 914 675 673 489 489 332 35 35 35 35 35 35 35 35 35 35 35 35 35 35 35 35 35 35 35 35 35 35 35 35 35 35 35 35 35 35 35 35 35 35 35 35 35 35 35 35 35 35 35 35 35 35 35 35 35 35 35 35 35 35 35 35 35 35 35 35 33 33 33 33 33 33 33 33 33 33 33 33 33 33 33 33 33 33 33 33 33 33 33 33 33 33 33 33 33 33 33 33 33 33 33 33 33 33 33 33 33 33 33 33 33 33 33 33 33 33 32 32 32 32 32 32 32 32 32 32 32 32 32 32 32 32 32 32 32 32 32 32 32 32 32 32 32 32 32 32 32 32 32 32 32 32 32 32 32 32 32 32 32 32 32 32 32 32 32 32 32 32 32 32 32 32 32 32 32 32 32 32 32 32 32 32 32 32 32 32 
24056 18635 17045 18327 18348 18269 21326 23891 22251 19903 17696 15380 12226 9722 7679 6245 5329 4160 3085 1447 260 260 260 260 260 260 260 260 260 260 260 260 260 260 260 260 260 260 260 260 260 260 260 260 260 260 260 260 260 259 260 260 260 260 260 260 260 260 260 260 260 260 260 260 260 260 260 260 260 260 260 260 260 260 260 260 260 260 254 244 240 240 240 240 240 240 240 240 240 240 240 240 240 240 240 240 240 240 240 240 240 240 240 240 240 240 240 240 240 240 240 240 240 240 240 240 240 240 240 240 240 240 240 240 240 240 240 240 239 234 230 230 230 230 230 230 230 230 230 230 230 230 230 230 230 230 230 230 230 230 230 230 230 230 230 230 230 230 230 230 230 230 230 230 230 230 230 230 230 230 229 230 230 230 230 229 229 230 230 230 230 230 230 230 230 230 230 230 230 230 230 230 230 230 230 230 230 230 184 69 
0.039216 0.039216 0.039216 0.024417 0.024594 0.024627 0.009361 0.011807 0.015602 0.028266 0.029315 0.020479 0.001904 0.001998 0.002702 0.003285 0.003235 0.003829 0.003746 0.004384 0.006635 0.006345 0.006079 0.005836 0.005611 0.005403 0.005210 0.005031 0.004864 0.004709 0.004563 0.004426 0.004297 0.004176 0.004061 0.003953 0.003851 0.003754 0.003662 0.003575 0.003492 0.003413 0.003338 0.003266 0.003197 0.003132 0.003069 0.003008 0.002951 0.002895 0.002842 0.002791 0.002742 0.002695 0.002649 0.002605 0.002563 0.002522 0.002483 0.002445 0.002408 0.002373 0.002339 0.002305 0.002273 0.002242 0.002212 0.002183 0.002154 0.002127 0.002100 0.002074 0.002049 0.002025 0.002001 0.001978 0.001956 0.001934 0.001913 0.001892 0.001873 0.001853 0.001834 0.001816 0.001798 0.001780 0.001763 0.001746 0.001730 0.001714 0.001698 0.001683 0.001669 0.001654 0.001640 0.001626 0.001613 0.001600 0.001587 0.001575 0.001562 0.001550 0.001539 0.001527 0.001516 0.001505 0.001495 0.001484 0.001474 0.001464 0.001455 0.001445 0.001436 0.001427 0.001418 0.001409 0.001401 0.001392 0.001384 0.001376 0.001368 0.001361 0.001353 0.001346 0.001339 0.001332 0.001325 0.001318 0.001312 0.001306 0.001299 0.001293 0.001287 0.001282 0.001276 0.001270 0.001265 0.001259 0.001254 0.001249 0.001244 0.001239 0.001235 0.001230 0.001225 0.001221 0.001217 0.001212 0.001208 0.001204 0.001200 0.001197 0.001193 0.001189 0.001186 0.001182 0.001179 0.001176 0.001173 0.001170 0.001167 0.001164 0.001161 0.001158 0.001155 0.001153 0.001150 0.001148 0.001146 0.001143 0.001141 0.001139 0.001137 0.001135 0.001133 0.001132 0.001130 0.001128 0.001127 0.001125 0.001124 0.001122 0.001121 0.001120 0.001119 0.001118 0.001117 0.001116 0.001115 0.001114 0.001113 0.001113 0.001112 0.001112 0.001111 0.001111 0.001110 0.001110 0.001110 0.001110 
0.000370 0.000370 0.000370 0.000370 0.000373 0.000373 0.000374 0.000381 0.000400 0.000428 0.000444 0.000525 0.000635 0.000666 0.000901 0.001095 0.001078 0.001276 0.001249 0.001461 0.002212 0.002115 0.002026 0.001945 0.001870 0.001801 0.001737 0.001677 0.001621 0.001570 0.001521 0.001475 0.001432 0.001392 0.001354 0.001318 0.001284 0.001251 0.001221 0.001192 0.001164 0.001138 0.001113 0.001089 0.001066 0.001044 0.001023 0.001003 0.000984 0.000965 0.000947 0.000930 0.000914 0.000898 0.000883 0.000868 0.000854 0.000841 0.000828 0.000815 0.000803 0.000791 0.000780 0.000768 0.000758 0.000747 0.000737 0.000728 0.000718 0.000709 0.000700 0.000691 0.000683 0.000675 0.000667 0.000659 0.000652 0.000645 0.000638 0.000631 0.000624 0.000618 0.000611 0.000605 0.000599 0.000593 0.000588 0.000582 0.000577 0.000571 0.000566 0.000561 0.000556 0.000551 0.000547 0.000542 0.000538 0.000533 0.000529 0.000525 0.000521 0.000517 0.000513 0.000509 0.000505 0.000502 0.000498 0.000495 0.000491 0.000488 0.000485 0.000482 0.000479 0.000476 0.000473 0.000470 0.000467 0.000464 0.000461 0.000459 0.000456 0.000454 0.000451 0.000449 0.000446 0.000444 0.000442 0.000439 0.000437 0.000435 0.000433 0.000431 0.000429 0.000427 0.000425 0.000423 0.000422 0.000420 0.000418 0.000416 0.000415 0.000413 0.000412 0.000410 0.000408 0.000407 0.000406 0.000404 0.000403 0.000401 0.000400 0.000399 0.000398 0.000396 0.000395 0.000394 0.000393 0.000392 0.000391 0.000390 0.000389 0.000388 0.000387 0.000386 0.000385 0.000384 0.000383 0.000383 0.000382 0.000381 0.000380 0.000380 0.000379 0.000378 0.000378 0.000377 0.000377 0.000376 0.000376 0.000375 0.000375 0.000374 0.000374 0.000373 0.000373 0.000373 0.000372 0.000372 0.000372 0.000371 0.000371 0.000371 0.000371 0.000371 0.000370 0.000370 0.000370 0.000370 0.000370 0.000370 
0.034265 0 0 0 0 0 0 0 0 0 0 0 0 0 0 0 0 0 0 0 0 0 0 0 0 0 0 0 0 0 0 0 0 0 0 0 0 0 0 0 0 0 0 0 0 0 0 0 0 0 0 0 0 0 0 0 0 0 0 0 0 0 0 0 0 0 0 0 0 0 0 0 0 0 0 0 0 0 0 0 0 0 0 0 0 0 0 0 0 0 0 0 0 0 0 0 0 0 0 0 0 0 0 0 0 0 0 0 0 0 0 0 0 0 0 0 0 0 0 0 0 0 0 0 0 0 0 0 0 0 0 0 0 0 0 0 0 0 0 0 0 0 0 0 0 0 0 0 0 0 0 0 0 0 0 0 0 0 0 0 0 0 0 0 0 0 0 0 0 0 0 0 0 0 0 0 0 0 0 0 0 0 0 0 0 0 0 0 0 0 0 0 0 0 0 0 0 0 0 0 
#~End matrix
No signature. Cannot get support which greater than 0.100000.
#Mining stopped at Mon Mar 14 22:17:03 2011

#Total time costs 0.325000 seconds.
