#Powered by Wynter Han
#Date time: Mon Mar 14 22:18:09 2011
Gsp Mining Initial parameters:
	 Tag: kugou_src; Half Window Size: 3; Shingle Size: 2; Minimum Support Threshold: 0.100000
	 Is self-adaption mode? Yes.
	 Cosine: 0.300000; Scale: 0.500000; Offset: 5
Audit Info:
	 Half Window Size: 3, Line Support: 0.036, Min Threshold: 0.100, Window Size: 333
	 Support Vector(0):
#Matlab matrix(Index, StartPos, FlowSize, KindSize, MaxFreq, MinFreq, lineSupport, Support Array)
0 1 2 3 4 5 6 7 8 9 10 11 12 13 14 15 16 17 18 19 20 21 22 23 24 25 26 27 28 29 30 31 32 33 34 35 36 37 38 39 40 41 42 43 44 45 46 47 48 49 50 51 52 53 54 55 56 57 58 59 60 61 62 63 64 65 66 67 68 69 70 71 72 73 74 75 76 77 78 79 80 81 82 83 84 85 86 87 88 89 90 91 92 93 94 95 96 97 98 99 100 101 102 103 104 105 106 107 108 109 110 111 112 113 114 115 116 117 118 119 120 121 122 123 124 125 126 127 128 129 130 131 132 133 134 135 136 137 138 139 140 141 142 143 144 145 146 147 148 149 150 151 152 153 154 155 156 157 158 159 160 161 162 163 164 165 166 167 168 169 170 171 172 173 174 175 176 177 178 179 180 181 182 183 184 185 186 187 188 189 190 191 192 193 194 195 196 197 198 199 200 201 202 203 204 205 206 207 208 209 210 211 212 213 214 215 216 217 218 219 220 221 222 223 224 225 226 227 228 229 230 231 232 233 234 235 236 237 238 239 240 241 242 243 244 245 246 247 248 249 250 251 252 253 254 255 256 257 258 259 260 261 262 263 264 265 266 267 268 269 270 271 272 273 274 275 276 277 278 279 280 281 282 283 284 285 286 287 288 289 290 291 292 293 294 295 296 297 298 299 300 301 302 303 304 305 306 307 308 309 310 311 312 313 314 315 316 317 318 319 320 321 322 323 324 325 326 327 328 329 330 331 332 
0 3 6 9 12 15 18 21 24 27 30 33 36 39 42 45 48 51 54 57 60 63 66 69 72 75 78 81 84 87 90 93 96 99 102 105 108 111 114 117 120 123 126 129 132 135 138 141 144 147 150 153 156 159 162 165 168 171 174 177 180 183 186 189 192 195 198 201 204 207 210 213 216 219 222 225 228 231 234 237 240 243 246 249 252 255 258 261 264 267 270 273 276 279 282 285 288 291 294 297 300 303 306 309 312 315 318 321 324 327 330 333 336 339 342 345 348 351 354 357 360 363 366 369 372 375 378 381 384 387 390 393 396 399 402 405 408 411 414 417 420 423 426 429 432 435 438 441 444 447 450 453 456 459 462 465 468 471 474 477 480 483 486 489 492 495 498 501 504 507 510 513 516 519 522 525 528 531 534 537 540 543 546 549 552 555 558 561 564 567 570 573 576 579 582 585 588 591 594 597 600 603 606 609 612 615 618 621 624 627 630 633 636 639 642 645 648 651 654 657 660 663 666 669 672 675 678 681 684 687 690 693 696 699 702 705 708 711 714 717 720 723 726 729 732 735 738 741 744 747 750 753 756 759 762 765 768 771 774 777 780 783 786 789 792 795 798 801 804 807 810 813 816 819 822 825 828 831 834 837 840 843 846 849 852 855 858 861 864 867 870 873 876 879 882 885 888 891 894 897 900 903 906 909 912 915 918 921 924 927 930 933 936 939 942 945 948 951 954 957 960 963 966 969 972 975 978 981 984 987 990 993 996 
2703 2703 2703 2703 2703 2703 2703 2683 2679 2677 2669 2669 2621 2618 2486 2307 2219 2213 1931 1827 1460 1393 1365 915 897 893 675 673 489 489 489 334 332 332 35 35 35 35 35 35 35 35 35 35 35 35 35 35 35 35 35 35 35 35 35 35 35 35 35 35 35 35 35 35 35 35 35 35 35 35 35 35 35 35 35 35 35 35 35 35 35 35 35 35 35 35 35 35 35 35 35 35 35 35 35 35 35 35 35 35 35 35 35 35 35 35 35 35 35 35 35 35 35 35 35 35 35 35 35 35 35 35 35 35 35 35 35 35 35 35 35 35 35 33 33 33 33 33 33 33 33 33 33 33 33 33 33 33 33 33 33 33 33 33 33 33 33 33 33 33 33 33 33 33 33 33 33 33 33 33 33 33 33 33 33 33 33 33 33 33 33 33 33 33 33 33 33 33 33 33 33 33 33 33 33 33 33 33 33 33 33 33 33 33 33 33 33 33 33 33 33 33 33 33 33 33 33 32 32 32 32 32 32 32 32 32 32 32 32 32 32 32 32 32 32 32 32 32 32 32 32 32 32 32 32 32 32 32 32 32 32 32 32 32 32 32 32 32 32 32 32 32 32 32 32 32 32 32 32 32 32 32 32 32 32 32 32 32 32 32 32 32 32 32 32 32 32 32 32 32 32 32 32 32 32 32 32 32 32 32 32 32 32 32 32 32 32 32 32 32 32 32 32 32 32 32 32 32 32 32 32 32 32 32 32 32 32 32 32 32 32 32 32 
11246 11210 9964 8473 8728 10176 9960 10109 10128 9828 9234 11108 11965 9580 9102 10446 9981 7731 7587 7987 7163 5614 4748 4861 4401 3382 3324 3163 2721 2359 1996 1879 1296 413 156 156 156 156 156 156 156 156 155 156 156 156 156 155 156 155 155 156 156 156 156 156 156 155 154 156 156 156 156 156 156 156 156 154 156 156 156 156 156 156 154 155 156 155 155 155 155 156 154 153 155 156 155 155 156 156 155 155 156 155 155 154 155 153 154 155 155 155 155 156 156 156 156 156 155 154 155 156 156 156 155 155 156 156 156 155 154 155 155 155 156 155 154 154 154 155 156 153 146 143 144 144 144 142 142 144 144 144 144 144 144 143 143 144 144 144 144 144 144 144 143 143 144 144 144 143 142 143 143 144 144 144 144 143 144 143 143 144 144 144 144 143 144 144 144 144 144 144 144 143 144 144 144 144 144 144 144 143 143 144 144 144 143 143 144 144 144 144 144 144 144 143 144 144 144 144 144 144 144 144 144 143 140 138 138 138 138 138 138 138 138 137 137 138 138 138 138 138 138 138 138 138 138 138 138 138 138 138 138 137 138 138 138 138 138 138 138 138 138 138 138 138 138 138 138 138 138 138 138 138 138 138 137 137 137 138 137 137 138 138 138 138 138 138 138 138 138 138 138 138 138 137 138 138 138 138 138 138 136 133 135 138 138 138 138 137 137 137 136 136 137 137 137 137 135 137 138 138 137 137 137 137 138 137 138 138 137 136 136 137 136 138 138 138 137 137 138 138 69 
0.019978 0.020718 0.039216 0.039216 0.031817 0.014428 0.024417 0.024593 0.025001 0.012322 0.012357 0.009361 0.009522 0.016011 0.016798 0.017131 0.029263 0.029305 0.033060 0.013121 0.015854 0.005255 0.005321 0.005414 0.005451 0.008140 0.006502 0.004299 0.003845 0.006325 0.006244 0.005894 0.004360 0.004292 0.006516 0.006345 0.006183 0.006029 0.005883 0.005743 0.005611 0.005484 0.005363 0.005248 0.005137 0.005031 0.004930 0.004832 0.004739 0.004649 0.004563 0.004479 0.004399 0.004322 0.004248 0.004176 0.004106 0.004039 0.003974 0.003912 0.003851 0.003792 0.003736 0.003680 0.003627 0.003575 0.003525 0.003476 0.003429 0.003383 0.003338 0.003294 0.003252 0.003211 0.003171 0.003132 0.003094 0.003056 0.003020 0.002985 0.002951 0.002917 0.002885 0.002853 0.002822 0.002791 0.002761 0.002732 0.002704 0.002676 0.002649 0.002623 0.002597 0.002571 0.002547 0.002522 0.002499 0.002475 0.002453 0.002430 0.002408 0.002387 0.002366 0.002345 0.002325 0.002305 0.002286 0.002267 0.002248 0.002230 0.002212 0.002194 0.002177 0.002160 0.002143 0.002127 0.002111 0.002095 0.002080 0.003440 0.003415 0.002035 0.002020 0.002006 0.001992 0.001978 0.001965 0.001951 0.001938 0.001925 0.001913 0.002534 0.002517 0.001877 0.001865 0.001853 0.001842 0.002441 0.002426 0.001809 0.001798 0.001787 0.001777 0.001766 0.001756 0.001746 0.001736 0.001727 0.001717 0.001708 0.001698 0.001689 0.001680 0.001671 0.001663 0.001654 0.001646 0.001637 0.001629 0.001621 0.001613 0.001605 0.001597 0.001590 0.001582 0.001575 0.001567 0.001560 0.001553 0.001546 0.001539 0.001532 0.001525 0.001518 0.001512 0.001505 0.001499 0.001493 0.001486 0.001480 0.001474 0.001468 0.001462 0.001942 0.001451 0.001445 0.001439 0.001434 0.001428 0.001423 0.001418 0.001413 0.001407 0.001402 0.001397 0.001392 0.001387 0.001383 0.001378 0.001373 0.001368 0.001364 0.001359 0.001355 0.001350 0.001346 0.001342 0.001338 0.001333 0.001329 0.001325 0.001321 0.001317 0.001313 0.001309 0.001306 0.001302 0.001298 0.001295 0.001291 0.001287 0.001284 0.001280 0.001277 0.001274 0.001270 0.001267 0.001264 0.001261 0.001257 0.001254 0.001251 0.001248 0.001245 0.001242 0.001239 0.001236 0.001234 0.001231 0.001228 0.001225 0.001223 0.001220 0.001218 0.001215 0.001212 0.001210 0.001208 0.001205 0.001203 0.001200 0.001198 0.001196 0.001194 0.001191 0.001189 0.001187 0.001185 0.001183 0.001181 0.001179 0.001177 0.001175 0.001173 0.001171 0.001170 0.001168 0.001166 0.001164 0.001162 0.001161 0.001159 0.001158 0.001156 0.001154 0.001153 0.001151 0.001150 0.001148 0.001147 0.001146 0.001144 0.001143 0.001142 0.001140 0.001139 0.001138 0.001137 0.001136 0.001134 0.001133 0.001132 0.001131 0.001130 0.001129 0.001128 0.001127 0.001126 0.001125 0.001125 0.001124 0.001123 0.001122 0.001121 0.001121 0.001120 0.001119 0.001118 0.001118 0.001117 0.001117 0.001116 0.001116 0.001115 0.001115 0.001114 0.001114 0.001113 0.001113 0.001112 0.001112 0.001112 0.001111 0.001111 0.001111 0.001111 0.001111 0.001110 0.001110 0.001110 0.001110 0.001110 0.001110 
0.000370 0.000370 0.000370 0.000370 0.000370 0.000370 0.000370 0.000373 0.000373 0.000373 0.000374 0.000374 0.000381 0.000381 0.000400 0.000428 0.000443 0.000444 0.000501 0.000525 0.000634 0.000657 0.000665 0.000902 0.000908 0.000904 0.001084 0.001075 0.001282 0.001265 0.001249 0.001473 0.001453 0.001431 0.002172 0.002115 0.002061 0.002010 0.001961 0.001914 0.001870 0.001828 0.001788 0.001749 0.001712 0.001677 0.001643 0.001611 0.001580 0.001550 0.001521 0.001493 0.001466 0.001441 0.001416 0.001392 0.001369 0.001346 0.001325 0.001304 0.001284 0.001264 0.001245 0.001227 0.001209 0.001192 0.001175 0.001159 0.001143 0.001128 0.001113 0.001098 0.001084 0.001070 0.001057 0.001044 0.001031 0.001019 0.001007 0.000995 0.000984 0.000972 0.000962 0.000951 0.000941 0.000930 0.000920 0.000911 0.000901 0.000892 0.000883 0.000874 0.000866 0.000857 0.000849 0.000841 0.000833 0.000825 0.000818 0.000810 0.000803 0.000796 0.000789 0.000782 0.000775 0.000768 0.000762 0.000756 0.000749 0.000743 0.000737 0.000731 0.000726 0.000720 0.000714 0.000709 0.000704 0.000698 0.000693 0.000688 0.000683 0.000678 0.000673 0.000669 0.000664 0.000659 0.000655 0.000650 0.000646 0.000642 0.000638 0.000633 0.000629 0.000626 0.000622 0.000618 0.000614 0.000610 0.000606 0.000603 0.000599 0.000596 0.000592 0.000589 0.000585 0.000582 0.000579 0.000576 0.000572 0.000569 0.000566 0.000563 0.000560 0.000557 0.000554 0.000551 0.000549 0.000546 0.000543 0.000540 0.000538 0.000535 0.000532 0.000530 0.000527 0.000525 0.000522 0.000520 0.000518 0.000515 0.000513 0.000511 0.000508 0.000506 0.000504 0.000502 0.000500 0.000498 0.000495 0.000493 0.000491 0.000489 0.000487 0.000485 0.000484 0.000482 0.000480 0.000478 0.000476 0.000474 0.000473 0.000471 0.000469 0.000467 0.000466 0.000464 0.000462 0.000461 0.000459 0.000458 0.000456 0.000455 0.000453 0.000452 0.000450 0.000449 0.000447 0.000446 0.000444 0.000443 0.000442 0.000440 0.000439 0.000438 0.000436 0.000435 0.000434 0.000433 0.000432 0.000430 0.000429 0.000428 0.000427 0.000426 0.000425 0.000423 0.000422 0.000421 0.000420 0.000419 0.000418 0.000417 0.000416 0.000415 0.000414 0.000413 0.000412 0.000411 0.000410 0.000409 0.000408 0.000408 0.000407 0.000406 0.000405 0.000404 0.000403 0.000403 0.000402 0.000401 0.000400 0.000399 0.000399 0.000398 0.000397 0.000396 0.000396 0.000395 0.000394 0.000394 0.000393 0.000392 0.000392 0.000391 0.000390 0.000390 0.000389 0.000389 0.000388 0.000387 0.000387 0.000386 0.000386 0.000385 0.000385 0.000384 0.000384 0.000383 0.000383 0.000382 0.000382 0.000381 0.000381 0.000381 0.000380 0.000380 0.000379 0.000379 0.000379 0.000378 0.000378 0.000377 0.000377 0.000377 0.000376 0.000376 0.000376 0.000375 0.000375 0.000375 0.000375 0.000374 0.000374 0.000374 0.000374 0.000373 0.000373 0.000373 0.000373 0.000372 0.000372 0.000372 0.000372 0.000372 0.000372 0.000371 0.000371 0.000371 0.000371 0.000371 0.000371 0.000371 0.000370 0.000370 0.000370 0.000370 0.000370 0.000370 0.000370 0.000370 0.000370 0.000370 0.000370 
0.036138 0 0 0 0 0 0 0 0 0 0 0 0 0 0 0 0 0 0 0 0 0 0 0 0 0 0 0 0 0 0 0 0 0 0 0 0 0 0 0 0 0 0 0 0 0 0 0 0 0 0 0 0 0 0 0 0 0 0 0 0 0 0 0 0 0 0 0 0 0 0 0 0 0 0 0 0 0 0 0 0 0 0 0 0 0 0 0 0 0 0 0 0 0 0 0 0 0 0 0 0 0 0 0 0 0 0 0 0 0 0 0 0 0 0 0 0 0 0 0 0 0 0 0 0 0 0 0 0 0 0 0 0 0 0 0 0 0 0 0 0 0 0 0 0 0 0 0 0 0 0 0 0 0 0 0 0 0 0 0 0 0 0 0 0 0 0 0 0 0 0 0 0 0 0 0 0 0 0 0 0 0 0 0 0 0 0 0 0 0 0 0 0 0 0 0 0 0 0 0 0 0 0 0 0 0 0 0 0 0 0 0 0 0 0 0 0 0 0 0 0 0 0 0 0 0 0 0 0 0 0 0 0 0 0 0 0 0 0 0 0 0 0 0 0 0 0 0 0 0 0 0 0 0 0 0 0 0 0 0 0 0 0 0 0 0 0 0 0 0 0 0 0 0 0 0 0 0 0 0 0 0 0 0 0 0 0 0 0 0 0 0 0 0 0 0 0 0 0 0 0 0 0 0 0 0 0 0 0 0 0 0 0 0 0 0 0 0 0 0 0 0 0 0 0 0 0 0 0 0 0 0 0 
#~End matrix
No signature. Cannot get support which greater than 0.100000.
#Mining stopped at Mon Mar 14 22:18:10 2011

#Total time costs 0.356000 seconds.
