#Powered by Wynter Han
#Date time: Wed Mar 30 01:15:28 2011
Gsp Mining Initial parameters:
	 Tag: kugou; Half Window Size: 10; Shingle Size: 3; Minimum Support Threshold: 0.100000
	 Is self-adaption mode? Yes.
	 Cosine: 0.300000; Scale: 0.500000; Offset: 5
Audit Info:
	 Half Window Size: 10, Line Support: 0.618, Min Threshold: 0.100, Window Size: 100
	 Support Vector(3):0.848, 0.846, *0.618*
#Matlab matrix(Index, StartPos, FlowSize, KindSize, MaxFreq, MinFreq, lineSupport, Support Array)
0 1 2 3 4 5 6 7 8 9 10 11 12 13 14 15 16 17 18 19 20 21 22 23 24 25 26 27 28 29 30 31 32 33 34 35 36 37 38 39 40 41 42 43 44 45 46 47 48 49 50 51 52 53 54 55 56 57 58 59 60 61 62 63 64 65 66 67 68 69 70 71 72 73 74 75 76 77 78 79 80 81 82 83 84 85 86 87 88 89 90 91 92 93 94 95 96 97 98 99 
0 10 20 30 40 50 60 70 80 90 100 110 120 130 140 150 160 170 180 190 200 210 220 230 240 250 260 270 280 290 300 310 320 330 340 350 360 370 380 390 400 410 420 430 440 450 460 470 480 490 500 510 520 530 540 550 560 570 580 590 600 610 620 630 640 650 660 670 680 690 700 710 720 730 740 750 760 770 780 790 800 810 820 830 840 850 860 870 880 890 900 910 920 930 940 950 960 970 980 990 
51910 51910 51800 51725 51147 50385 48142 46538 45857 45332 44002 44002 44002 44002 44000 44000 43999 43999 43999 43999 43999 43999 43998 43997 43995 43994 43994 43992 43992 43992 43992 43992 43992 43991 43987 43987 43987 43987 43987 43987 43984 43984 43982 43982 43982 43982 43982 43982 43982 43982 43979 43979 43977 43977 43975 43975 43975 43975 43975 43968 43968 43968 43968 43968 43968 43966 43966 43966 43966 43966 43964 43964 43964 43964 43964 43964 43964 43964 43964 43964 43964 43963 43963 43963 43963 43963 43963 43963 43963 43963 43963 43963 43962 43962 43962 43962 43962 43962 43962 43961 
257485 92096 377741 679952 712270 685873 661168 643261 628520 615339 609920 609064 609304 610231 608773 607256 608441 609022 608590 609597 609623 606724 607263 609529 609018 609392 609678 607174 606697 609312 608835 608892 610064 609224 606712 607790 609599 609046 609746 609591 606590 606875 609754 608562 609004 609606 608111 606798 608247 609238 608801 609330 608691 606196 606971 609142 608604 608843 609193 606621 606447 608594 608129 608272 609381 608611 606030 606801 608852 608426 609531 609494 606612 606612 609448 608733 608561 609263 607543 605831 607260 608405 608409 609283 608675 605892 606732 609475 608926 609183 609333 606582 606517 608924 608543 608531 609558 608755 546243 244741 
0.389308 0.846446 0.848129 0.076855 0.072097 0.073716 0.074789 0.079169 0.080746 0.078861 0.080396 0.081921 0.081613 0.080189 0.081969 0.080378 0.078951 0.081609 0.080857 0.078728 0.080551 0.080605 0.077040 0.078110 0.079391 0.077879 0.077817 0.079706 0.077003 0.076126 0.078302 0.076863 0.075683 0.077036 0.076617 0.074244 0.076611 0.076570 0.073867 0.075277 0.076315 0.075029 0.074612 0.075812 0.074806 0.074478 0.075697 0.074622 0.072561 0.074893 0.074539 0.072556 0.074622 0.074836 0.072168 0.074210 0.075369 0.074892 0.074100 0.075223 0.072414 0.071874 0.074286 0.073394 0.071539 0.073378 0.073226 0.069695 0.071890 0.073002 0.069531 0.072254 0.072744 0.071459 0.071662 0.073446 0.072210 0.071505 0.074088 0.072960 0.070847 0.072618 0.072897 0.070293 0.071604 0.072027 0.069802 0.070501 0.072013 0.071075 0.071239 0.071600 0.070014 0.069339 0.070883 0.069943 0.069488 0.072349 0.070917 0.064440 
0.000019 0.000019 0.000019 0.000019 0.000020 0.000020 0.000021 0.000021 0.000021 0.000022 0.000022 0.000022 0.000022 0.000022 0.000022 0.000022 0.000022 0.000022 0.000022 0.000022 0.000022 0.000021 0.000021 0.000021 0.000021 0.000021 0.000021 0.000021 0.000021 0.000021 0.000021 0.000021 0.000021 0.000021 0.000021 0.000021 0.000021 0.000021 0.000021 0.000021 0.000021 0.000021 0.000020 0.000020 0.000020 0.000020 0.000020 0.000020 0.000020 0.000020 0.000020 0.000020 0.000020 0.000020 0.000020 0.000020 0.000020 0.000020 0.000020 0.000020 0.000020 0.000020 0.000020 0.000020 0.000020 0.000020 0.000020 0.000020 0.000020 0.000020 0.000020 0.000020 0.000020 0.000020 0.000020 0.000019 0.000019 0.000019 0.000019 0.000019 0.000019 0.000019 0.000019 0.000019 0.000019 0.000019 0.000019 0.000019 0.000019 0.000019 0.000019 0.000019 0.000019 0.000019 0.000019 0.000019 0.000019 0.000019 0.000019 0.000019 
0.617877 0 0 0 0 0 0 0 0 0 0 0 0 0 0 0 0 0 0 0 0 0 0 0 0 0 0 0 0 0 0 0 0 0 0 0 0 0 0 0 0 0 0 0 0 0 0 0 0 0 0 0 0 0 0 0 0 0 0 0 0 0 0 0 0 0 0 0 0 0 0 0 0 0 0 0 0 0 0 0 0 0 0 0 0 0 0 0 0 0 0 0 0 0 0 0 0 0 0 0 
0.848129 0 0 0 0 0 0 0 0 0 0 0 0 0 0 0 0 0 0 0 0 0 0 0 0 0 0 0 0 0 0 0 0 0 0 0 0 0 0 0 0 0 0 0 0 0 0 0 0 0 0 0 0 0 0 0 0 0 0 0 0 0 0 0 0 0 0 0 0 0 0 0 0 0 0 0 0 0 0 0 0 0 0 0 0 0 0 0 0 0 0 0 0 0 0 0 0 0 0 0 
0.846446 0 0 0 0 0 0 0 0 0 0 0 0 0 0 0 0 0 0 0 0 0 0 0 0 0 0 0 0 0 0 0 0 0 0 0 0 0 0 0 0 0 0 0 0 0 0 0 0 0 0 0 0 0 0 0 0 0 0 0 0 0 0 0 0 0 0 0 0 0 0 0 0 0 0 0 0 0 0 0 0 0 0 0 0 0 0 0 0 0 0 0 0 0 0 0 0 0 0 0 
0.617877 0 0 0 0 0 0 0 0 0 0 0 0 0 0 0 0 0 0 0 0 0 0 0 0 0 0 0 0 0 0 0 0 0 0 0 0 0 0 0 0 0 0 0 0 0 0 0 0 0 0 0 0 0 0 0 0 0 0 0 0 0 0 0 0 0 0 0 0 0 0 0 0 0 0 0 0 0 0 0 0 0 0 0 0 0 0 0 0 0 0 0 0 0 0 0 0 0 0 0 
#~End matrix
#Lev Size:2; Logic Length:50; Min Count:44026; Min Sup:0.848; Scale:0.500; Min Rel:22013; cosine:0.300;Max offset:5
Lev:1; Size:3
0x00|[1:4-pos:(25:43953) (28:43958) (29:43967) (30:43984) ] [count:45884 sup:0.884 (L:-1,R:-1)]
0x04|[1:1-pos:(31:44027) ] [count:45581 sup:0.878 (L:-1,R:-1)]*
2|[1:1-pos:(0:43941) ] [count:45369 sup:0.874 (L:-1,R:-1)]*
Lev:2; Size:1
0x00 0x00|[1:2-pos:(28:43941) (29:43936) ] [count:44040 sup:0.848 (L:0,R:0)]*

######RelatedRuleCollection
Related Rule Size: 4; unknow flow size:7876
(0[0])2 -> (27[28])0x00 0x00 -> (1[31])0x04 |count:43935; sup:0.846; frag size:3
	 Sample File: 1-udp-14880-20110301@11#26#59.51565-20110301@11#26#59.51565-0.0-1056-1000-211.141.173.25@33692#u#192.168.1.105@7000.payload
(31[31])0x04 |count:92; sup:0.002; frag size:1
	 Sample File: 1-udp-4771-20110301@13#10#42.875960-20110301@13#10#42.875960-0.0-41-41-192.168.1.104@7000#u#182.130.184.107@10272.payload
(0[0])2 -> (27[28])0x00 0x00 |count:6; sup:0.000; frag size:2
	 Sample File: 1-udp-19170-20110301@11#27#27.330117-20110301@11#27#27.330117-0.0-330-330-118.77.97.178@430#u#192.168.1.105@7000.payload
(29[29])0x00 0x00 |count:1; sup:0.000; frag size:1
	 Sample File: 1-udp-19292-20110301@13#05#24.311865-20110301@13#05#24.311865-0.0-1188-1000-61.142.208.207@9999#u#192.168.1.104@7000.payload

######~End
Signature size:1; Unknow sequence Size:7867; Identify Rate:0.848449
(31)0x04 | counts: 44043, support:0.848449, earn:3.873675, frag size:1, merge count: 0
	Regex: ^[\u0000-\uFFFF]{31}\u0004

Signature size:0; Unknow sequence Size:51910; Identify Rate:0.000000

#Lev Size:3; Logic Length:50; Min Count:43939; Min Sup:0.846; Scale:0.500; Min Rel:21969; cosine:0.300;Max offset:5
Lev:1; Size:3
0x00|[1:4-pos:(25:43953) (28:43958) (29:43967) (30:43984) ] [count:45884 sup:0.884 (L:-1,R:-1)]
0x04|[1:1-pos:(31:44027) ] [count:45581 sup:0.878 (L:-1,R:-1)]
2|[1:1-pos:(0:43941) ] [count:45369 sup:0.874 (L:-1,R:-1)]*
Lev:2; Size:2
0x00 0x00|[1:2-pos:(28:43941) (29:43936) ] [count:44040 sup:0.848 (L:0,R:0)]
0x00 0x04|[1:1-pos:(30:43936) ] [count:43949 sup:0.847 (L:0,R:1)]*
Lev:3; Size:1
0x00 0x00 0x00|[1:1-pos:(28:43935) ] [count:43941 sup:0.846 (L:0,R:0)]*

######RelatedRuleCollection
Related Rule Size: 3; unknow flow size:7968
(0[0])2 -> (27[28])0x00 0x00 0x00 |count:43935; sup:0.846; frag size:2
	 Sample File: 1-udp-14880-20110301@11#26#59.51565-20110301@11#26#59.51565-0.0-1056-1000-211.141.173.25@33692#u#192.168.1.105@7000.payload
(0[0])2 |count:6; sup:0.000; frag size:1
	 Sample File: 1-udp-19170-20110301@11#27#27.330117-20110301@11#27#27.330117-0.0-330-330-118.77.97.178@430#u#192.168.1.105@7000.payload
(30[30])0x00 0x04 |count:1; sup:0.000; frag size:1
	 Sample File: 1-udp-1168-20110301@11#25#08.197709-20110301@11#25#08.197709-0.0-101-101-192.168.1.105@7000#u#123.120.14.34@21801.payload

######~End
Signature size:2; Unknow sequence Size:7961; Identify Rate:0.846638
(0)2 | counts: 43949, support:0.846638, earn:4.693277, frag size:1, merge count: 0
	Regex: ^2
(0)2->(27)0x00 0x00 0x00 | counts: 43935, support:0.846369, earn:3.859404, frag size:2, merge count: 0
	Regex: ^2[\u0000-\uFFFF]{27}\u0000\u0000\u0000

Signature size:2; Unknow sequence Size:7961; Identify Rate:0.846638
(0)2 | counts: 43949, support:0.846638, earn:4.693277, frag size:1, merge count: 0
	Regex: ^2
(0)2->(27)0x00 0x00 0x00 | counts: 43935, support:0.846369, earn:3.859404, frag size:2, merge count: 0
	Regex: ^2[\u0000-\uFFFF]{27}\u0000\u0000\u0000

#Lev Size:4; Logic Length:50; Min Count:32073; Min Sup:0.618; Scale:0.500; Min Rel:16036; cosine:0.300;Max offset:5
Lev:1; Size:4
0x00|[1:4-pos:(25:43953) (28:43958) (29:43967) (30:43984) ] [count:45884 sup:0.884 (L:-1,R:-1)]
0x04|[1:1-pos:(31:44027) ] [count:45581 sup:0.878 (L:-1,R:-1)]
2|[1:2-pos:(0:43941) (15:20224) ] [count:45369 sup:0.874 (L:-1,R:-1)]*
Z|[1:1-pos:(14:20238) ] [count:33561 sup:0.647 (L:-1,R:-1)]*
Lev:2; Size:2
0x00 0x00|[1:2-pos:(28:43941) (29:43936) ] [count:44040 sup:0.848 (L:0,R:0)]
0x00 0x04|[1:1-pos:(30:43936) ] [count:43949 sup:0.847 (L:0,R:1)]
Lev:3; Size:2
0x00 0x00 0x00|[1:1-pos:(28:43935) ] [count:43941 sup:0.846 (L:0,R:0)]
0x00 0x00 0x04|[1:1-pos:(29:43935) ] [count:43936 sup:0.846 (L:0,R:1)]
Lev:4; Size:1
0x00 0x00 0x00 0x04|[1:1-pos:(28:43935) ] [count:43935 sup:0.846 (L:0,R:1)]*

######RelatedRuleCollection
Related Rule Size: 5; unknow flow size:7907
(0[0])2 -> (27[28])0x00 0x00 0x00 0x04 |count:23737; sup:0.457; frag size:2
	 Sample File: 1-udp-14880-20110301@11#26#59.51565-20110301@11#26#59.51565-0.0-1056-1000-211.141.173.25@33692#u#192.168.1.105@7000.payload
(0[0])2 -> (13[14])Z -> (0[15])2 -> (12[28])0x00 0x00 0x00 0x04 |count:20198; sup:0.389; frag size:4
	 Sample File: 1-udp-10000-20110301@11#25#32.551080-20110301@11#25#32.551080-0.0-1056-1000-123.120.14.34@21801#u#192.168.1.105@7000.payload
(14[14])Z |count:38; sup:0.001; frag size:1
	 Sample File: 1-udp-3368-20110301@11#27#24.610253-20110301@11#27#24.610253-0.0-37-37-192.168.1.105@7000#u#211.141.173.25@33692.payload
(0~15[0~15])2 |count:28; sup:0.001; frag size:1
	 Sample File: 1-udp-958-20110301@11#24#59.464888-20110301@11#24#59.464888-0.0-37-37-192.168.1.105@7000#u#120.33.96.28@60308.payload
(0[0])2 -> (13[14])Z -> (0[15])2 |count:2; sup:0.000; frag size:3
	 Sample File: 1-udp-14157-20110301@11#26#00.295183-20110301@11#26#00.295183-0.0-537-537-119.109.145.80@3378#u#192.168.1.105@7000.payload

######~End
Signature size:2; Unknow sequence Size:7276; Identify Rate:0.859834
(0)2->(27)0x00 0x00 0x00 0x04 | counts: 43935, support:0.846369, earn:3.817737, frag size:2, merge count: 0
	Regex: ^2[\u0000-\uFFFF]{27}\u0000\u0000\u0000\u0004
(0,15)2 | counts: 44634, support:0.859834, earn:3.107479, frag size:1, merge count: 0
	Regex: ^[\u0000-\uFFFF]{0,15}2

Signature size:1; Unknow sequence Size:7276; Identify Rate:0.859834
(0,15)2 | counts: 44634, support:0.859834, earn:3.107479, frag size:1, merge count: 0
	Regex: ^[\u0000-\uFFFF]{0,15}2

Audit Info:
	 Half Window Size: 10, Line Support: 0.019, Min Threshold: 0.100, Window Size: 100
	 Support Vector(0):
#Matlab matrix(Index, StartPos, FlowSize, KindSize, MaxFreq, MinFreq, lineSupport, Support Array)
0 1 2 3 4 5 6 7 8 9 10 11 12 13 14 15 16 17 18 19 20 21 22 23 24 25 26 27 28 29 30 31 32 33 34 35 36 37 38 39 40 41 42 43 44 45 46 47 48 49 50 51 52 53 54 55 56 57 58 59 60 61 62 63 64 65 66 67 68 69 70 71 72 73 74 75 76 77 78 79 80 81 82 83 84 85 86 87 88 89 90 91 92 93 94 95 96 97 98 99 
0 10 20 30 40 50 60 70 80 90 100 110 120 130 140 150 160 170 180 190 200 210 220 230 240 250 260 270 280 290 300 310 320 330 340 350 360 370 380 390 400 410 420 430 440 450 460 470 480 490 500 510 520 530 540 550 560 570 580 590 600 610 620 630 640 650 660 670 680 690 700 710 720 730 740 750 760 770 780 790 800 810 820 830 840 850 860 870 880 890 900 910 920 930 940 950 960 970 980 990 
7276 7276 7201 7157 6614 5913 3816 2404 1771 1283 51 51 51 51 49 49 48 48 48 48 48 48 47 46 44 43 43 42 42 42 42 42 42 42 38 38 38 38 38 38 35 35 33 33 33 33 33 33 33 33 30 30 28 28 28 28 28 28 28 23 23 23 23 23 23 22 22 22 22 22 21 21 21 21 21 21 21 21 21 21 21 20 20 20 20 20 20 20 20 20 20 20 20 20 20 20 20 20 20 20 
92037 65756 83773 105730 100305 74921 50663 33545 22024 8633 920 920 916 896 878 868 860 859 860 860 854 843 819 781 761 755 745 740 740 740 738 740 736 706 680 680 680 680 674 654 640 620 600 600 600 600 600 600 589 559 528 508 500 500 500 500 500 458 408 400 400 400 400 399 389 380 380 380 377 367 360 360 360 360 359 360 360 360 360 358 348 340 340 340 340 340 340 340 340 340 340 340 340 340 340 340 340 340 306 136 
0.023639 0.023639 0.012633 0.007120 0.013673 0.015117 0.000966 0.001361 0.001626 0.000940 0.001694 0.001547 0.001424 0.001320 0.001231 0.001153 0.001084 0.001023 0.000969 0.000921 0.000877 0.000837 0.000802 0.000769 0.000739 0.000712 0.000686 0.000663 0.000641 0.000621 0.000602 0.000584 0.000567 0.000552 0.000538 0.000524 0.000511 0.000499 0.000487 0.000476 0.000466 0.000457 0.000447 0.000439 0.000430 0.000422 0.000415 0.000408 0.000401 0.000394 0.000388 0.000382 0.000377 0.000371 0.000366 0.000361 0.000356 0.000352 0.000348 0.000344 0.000340 0.000336 0.000332 0.000329 0.000325 0.000322 0.000319 0.000316 0.000314 0.000311 0.000308 0.000306 0.000304 0.000302 0.000300 0.000298 0.000296 0.000294 0.000292 0.000291 0.000289 0.000288 0.000286 0.000285 0.000284 0.000283 0.000282 0.000281 0.000280 0.000279 0.000278 0.000278 0.000277 0.000277 0.000276 0.000276 0.000275 0.000275 0.000275 0.000275 
0.000137 0.000137 0.000139 0.000140 0.000150 0.000166 0.000241 0.000340 0.000406 0.000470 0.000847 0.000774 0.000712 0.000660 0.000615 0.000576 0.000542 0.000512 0.000485 0.000460 0.000439 0.000419 0.000401 0.000385 0.000370 0.000356 0.000343 0.000331 0.000320 0.000310 0.000301 0.000292 0.000284 0.000276 0.000269 0.000262 0.000255 0.000249 0.000244 0.000238 0.000233 0.000228 0.000224 0.000219 0.000215 0.000211 0.000207 0.000204 0.000200 0.000197 0.000194 0.000191 0.000188 0.000186 0.000183 0.000181 0.000178 0.000176 0.000174 0.000172 0.000170 0.000168 0.000166 0.000164 0.000163 0.000161 0.000160 0.000158 0.000157 0.000155 0.000154 0.000153 0.000152 0.000151 0.000150 0.000149 0.000148 0.000147 0.000146 0.000145 0.000145 0.000144 0.000143 0.000142 0.000142 0.000141 0.000141 0.000140 0.000140 0.000140 0.000139 0.000139 0.000139 0.000138 0.000138 0.000138 0.000138 0.000138 0.000138 0.000137 
0.019378 0 0 0 0 0 0 0 0 0 0 0 0 0 0 0 0 0 0 0 0 0 0 0 0 0 0 0 0 0 0 0 0 0 0 0 0 0 0 0 0 0 0 0 0 0 0 0 0 0 0 0 0 0 0 0 0 0 0 0 0 0 0 0 0 0 0 0 0 0 0 0 0 0 0 0 0 0 0 0 0 0 0 0 0 0 0 0 0 0 0 0 0 0 0 0 0 0 0 0 
#~End matrix
No signature. Cannot get support which greater than 0.100000.
Signature size:2; Unknow sequence Size:7276; Identify Rate:0.859834
(0)2->(27)0x00 0x00 0x00 0x04 | counts: 43935, support:0.846369, earn:3.817737, frag size:2, merge count: 0
	Regex: ^2[\u0000-\uFFFF]{27}\u0000\u0000\u0000\u0004
(0,15)2 | counts: 44634, support:0.859834, earn:3.607479, frag size:1, merge count: 1
	Regex: ^[\u0000-\uFFFF]{0,15}2
Regex String:
kugou 3.817737 ^2[\u0000-\uFFFF]{27}\u0000\u0000\u0000\u0004
kugou 3.607479 ^[\u0000-\uFFFF]{0,15}2
#Mining stopped at Wed Mar 30 01:19:54 2011

#Total time costs 266.419000 seconds.
